losses = [3.045429070451223,1.0306117685664167,0.26255809584829165,0.16105238251555998,0.13498830959324593,0.1243091246694291,0.11800717871949908,0.11485021620599967,0.11186886297567601,0.10983000896155198,0.10780146879940554,0.10642284682354186,0.1057811254849779,0.10490476168771655,0.10437573727622433,0.10391144608263443,0.10312378446119677,0.10280670692629379,0.10237576941719824,0.10160816227696827,0.10216323271623569,0.10163162456005635,0.1003892165768896,0.10065967668983578,0.10076794095452288,0.10026262932117865,0.10033759578691259,0.1003962409595295,0.10011457361784694,0.09988109892939051,0.0990717036585508,0.09856496075011374,0.09966350226781263,0.0997704240916604,0.09939780673663953,0.09861723293471873,0.09894776301876082,0.09884657814550796,0.09943454206201954,0.09928879587958575,0.09824832826322508,0.09909609071159137,0.09829044862432695,0.0984090769983837,0.09818111696277225,0.09856539918010346,0.09855172990479927,0.09839935065164261,0.09805063106835525,0.09795392951082929,0.09856316398471275,0.09825199300849706,0.09786594174227822,0.09782013878986363,0.0984814044278146,0.09877140912296933,0.09842744399644301,0.09819323351940368,0.09843008529531856,0.09847175956196633,0.09825632532579054,0.097361141252348,0.09766905285144051,0.09832888382043986,0.09816902792467908,0.09858502866534576,0.09694694256584557,0.09801646783541389,0.09788655471122987,0.09732285351939897,0.09743731714793938,0.09760301181005837,0.0980136030226557,0.09755195143101196,0.09784430484613349,0.09747784160351555,0.09768665676863593,0.09801714703140169,0.09775190045118048,0.09781131184398068,0.09758397927629284,0.09753164670928376,0.09731838112058447,0.0974202985582544,0.09764473540078702,0.09781144963464702,0.09718018548202967,0.09777634876337199,0.09753492927777527,0.09706809195476636,0.09696487020060403,0.09690762013020182,0.09738117373003796,0.09705052983859822,0.09728275816070087,0.09726440267347922,0.09743489025609207,0.09754153293505541,0.09766681426219102,0.09683170007499795,0.09711275844528723]
rewards = []
mrrs = [0,0.08955360800788312,0.13529286396564114,0.16199086067793478,0.1841750844633353,0.19590797133722648,0.21128033788436906,0.21887386920101337,0.22387385723448322,0.2282060447197142,0.23404547616756127,0.23659407025015247,0.24290450207778172,0.24740789203791108,0.25210775139904,0.25201633692781367,0.25622094847878885,0.25686938512595126,0.25840724273586096,0.2600471143557988,0.2638526769035911]
hits10s = [0,0.19505825632784252,0.27641623141824023,0.3191040578545601,0.3515468059461631,0.3751506629168341,0.3931297709923664,0.40458015267175573,0.40920048212133386,0.41944556046605064,0.43280433909200483,0.4319003615910004,0.4437525110486139,0.44365206910405786,0.45118521494576136,0.4540980313378867,0.4519887505022097,0.45791482523101645,0.45962233828846927,0.45982322217758137,0.46323824829248694]
hits5s = [0,0.0916030534351145,0.15096424266773806,0.18370831659300924,0.20851747689835276,0.22438730413820812,0.24256729610285255,0.25391723583768583,0.25833668139815186,0.2644636400160707,0.27300120530333466,0.2749096022498996,0.27832462836480515,0.28565689031739655,0.2890719164323021,0.29278826838087585,0.29469666532744077,0.29519887505022097,0.29750903977501003,0.301727601446364,0.3026315789473684]
hits3s = [0,0.037967055042185616,0.06548814785054238,0.08386902370429891,0.10074327038971474,0.10697067095218964,0.11962635596625151,0.122840498192045,0.12816392125351547,0.13107673764564082,0.13429087987143432,0.1371032543190036,0.14423463238248294,0.14895540377661712,0.15247087183607874,0.14965849738850945,0.1579951787866613,0.15598633989554037,0.15749296906388108,0.1581960626757734,0.16382081157091202]