losses = [3.008060782037737,0.7801119024926092,0.2207612925718405,0.14854307265185518,0.12888693034578189,0.11984615772785806,0.11535314851808379,0.11187137256454883,0.1093029175506085,0.10696212261172801,0.10642635805326849,0.10469563912383743,0.10479720221436886,0.1036834089781466,0.10260037914855341,0.10246160383891946,0.10271554776640832,0.10090400751233808,0.10095554034480846,0.10042890218370468,0.10094428529094547,0.10047150665047895,0.10001726495555004,0.10021883459984902,0.0994833536985223,0.099920999876545,0.09947871361480207,0.09980079488539328,0.09919960908901083,0.09932227468434036,0.09905705070156219,0.09925089247286108,0.09888818396933703,0.09947604510849198,0.09826525869742832,0.09862735684373342,0.0990140388020417,0.09810985421512192,0.09833812368580738,0.09855052808284194,0.09822956590890036,0.09888960955971642,0.09843884936996768,0.09851556143868154,0.09818114354799934,0.09759162541386071,0.0983799731038502,0.09786449117875466,0.09825803433165997,0.09800162965858251,0.09822989471725156,0.09808382303547887,0.09779198984234358,0.098742946894002,0.09812482616655344,0.09817536816195378,0.0983086788215954,0.09769209969793209,0.09788501672756064,0.09746252989853828,0.09712285025405432,0.09792393622732105,0.09805513972489435,0.09738681293750007,0.09813678230679332,0.09735517187899118,0.09753342364889306,0.09785336540262894,0.09757632850045128,0.0982263890308276,0.09731358118611581,0.0975000278522677,0.09704875524640791,0.09744179223355874,0.09817863955899349,0.0973309009524851,0.09736672748733104,0.09753427409333833,0.09705691258395412,0.09787071735409231,0.09746340953016903,0.09739487533184699,0.09733199855469582,0.097821788318358,0.09760099328426845,0.09741185237504409,0.09746112399253981,0.09745382419826014,0.09744631901896014,0.09750398707135292,0.09779785864435198,0.09745098896863763,0.09731003748847356,0.09832558829872068,0.09766361600280798,0.09745731059625339,0.09790476454534565,0.09729337644181076,0.09729109871005673,0.09675530731183071,0.09688944929717981]
rewards = []
mrrs = [0,0.10433788114584823,0.1468779019920669,0.1755266734268212,0.19438065188497317,0.21333492160742,0.22210759768320287,0.22708024314538391,0.2374625482234976,0.2431626203170162,0.2480419762940548,0.2445779051821099,0.24986135598731118,0.25382582231598483,0.2522675498658788,0.2565930314554564,0.26221374970165917,0.2632232574531109,0.2673216902564026,0.2626759359121386,0.2690322881242331]
hits10s = [0,0.22328244274809161,0.29369224588188025,0.3395942145439936,0.3704298915226999,0.39122137404580154,0.4066894335074327,0.42055042185616714,0.4299919646444355,0.4373242265970269,0.44515869827239857,0.446163117717959,0.44927681799919644,0.4535958216151065,0.45319405383688227,0.45831659300924066,0.4599236641221374,0.4606267577340297,0.46856167135395743,0.459120128565689,0.47057051024507834]
hits5s = [0,0.10837685817597428,0.16110887906789875,0.1969666532744074,0.22006830052229812,0.24327038971474488,0.25321414222579347,0.26305745279228604,0.2725994375251105,0.27681799919646444,0.28545600642828445,0.27772197669746884,0.28455202892728004,0.2932904781036561,0.290879871434311,0.29298915226998795,0.30052229811169145,0.30052229811169145,0.30253113700281237,0.30122539172358376,0.30544395339493774]
hits3s = [0,0.046605062274005626,0.07623543591803937,0.0946163117717959,0.10737243873041383,0.12294094013660105,0.1284652470871836,0.13007231820008036,0.14182402571313782,0.14714744877460828,0.14995982322217757,0.14704700683005223,0.1517677782241864,0.1517677782241864,0.15106468461229408,0.15749296906388108,0.16341904379268782,0.16492567296102853,0.16844114102049015,0.16472478907191643,0.16994777018883087]