losses = [0,2.2513108253479004,2.257002115249634,2.288703680038452,2.3056209087371826,2.2762703895568848,2.279688835144043,2.3018670082092285,2.305779457092285,2.3065755367279053,2.2998130321502686,2.2681069374084473,2.2727906703948975,2.307598352432251,2.2734503746032715,2.318404197692871,2.2919750213623047,2.3076648712158203,2.308140277862549,2.27923321723938,2.258380651473999]
rewards = [0,-5.8405842781066895,-5.980344772338867,-6.0859880447387695,-6.103947162628174,-6.187560081481934,-6.190789222717285,-6.194619178771973,-6.246966361999512,-6.254061698913574,-6.301789283752441,-6.3719682693481445,-6.421302795410156,-6.371646404266357,-6.45156717300415,-6.435303688049316,-6.455972194671631,-6.4644551277160645,-6.460290431976318,-6.5368852615356445,-6.560546875]
0.7843504786408074,0.6825252946482006,0.5866415552018687,0.5355210366672936,0.5313449706864766,0.5060182167244244]
hits10s = [0.9841149773071104,0.901840490797546,0.8090490797546013,0.7822085889570553,0.7691717791411042,0.7523006134969326]
hits5s = [0.9319213313161876,0.75,0.6441717791411042,0.6004601226993865,0.575920245398773,0.5659509202453987]
hits3s = [0.6308623298033282,0.571319018404908,0.46932515337423314,0.4072085889570552,0.4179447852760736,0.3811349693251534]