losses = [2.2800551786682925,0.38059818198813805,0.20223748143740256,0.15616053086865697,0.1363108574707737,0.12439129438830157,0.11771758199445152,0.11297812067316944,0.11086837239961182,0.10739606327575014,0.10643098771501408,0.10579016348645356,0.10400653561380552,0.10317319355825512,0.10250699904748412,0.10161403071130863,0.10128327794770753,0.10066806876928074,0.10065492639055174,0.10015446861160748,0.09986460675548404,0.09985863080652584,0.09961212344582536,0.099900818818546,0.09884917598885008,0.09834388930036787,0.09710433613221699,0.09814504335500733,0.09763458240357441,0.09749317901697306,0.0981598520335495,0.09755830561138981,0.09734281055443651,0.0980331531057437,0.09696755713273905,0.0970086260339685,0.09727468674434603,0.09734121918819695,0.09711813882859435,0.09731048427584049,0.09681892508148157,0.09691854684236918,0.09679649533750323,0.09728395712616039,0.09684660502600076,0.09654629715538252,0.09627294447074157,0.09690327618894204,0.09637032406468692,0.09591576210261805,0.09667523711884432,0.09650536624279452,0.0966571592209885,0.09596545296066031,0.09609898270802707,0.09526157949035843,0.09619194262109759,0.09601322436530678,0.09603811201251698,0.09544863179060913,0.09648265029753372,0.09580842017561798,0.09582014734351904,0.0959027577690948,0.0957416176513138,0.09557872594887676,0.0950039981098786,0.0955722866392079,0.09638075749362209,0.09501661899392433,0.09607349948102469,0.09476820968648293,0.09596821270520718,0.09468761652814112,0.09551068856905646,0.09492868781796837,0.09580314696754283,0.09621874402284905,0.09546673792819818,0.09547762573825931,0.09524317964257437,0.09534205015868055,0.09533691288879051,0.09575640490612243,0.09496873924033639,0.09538564155958726,0.09494679500199722,0.0941078064704705,0.0956813950272783,0.09437422019872518,0.09522511312828652,0.09441260742830071,0.09462009985110373,0.09511297741818682,0.09551752744903202,0.09533296856026068,0.09501778786716936,0.09487907296822165,0.09472528812017023,0.09506842623401791,0.09477629090260498]
rewards = []
mrrs = [0,0.1012800347948589,0.09616244802969587,0.09624360196559006,0.09493114995616375,0.09813558768468439,0.09479388122796271,0.09601996076858421,0.09602214414591934,0.09511093163421372,0.0990788270071759,0.0952265033564265,0.09722135459878088,0.09594795840656568,0.09448951251503349,0.0954340625342107,0.09568042178948269,0.09581128284278091,0.0950785491844767,0.0964569043739817,0.0966975492253629]
hits10s = [0,0.20038167938931298,0.19897549216552832,0.19535958216151064,0.2012856568903174,0.20098433105664926,0.20098433105664926,0.2054037766171153,0.2040980313378867,0.2027922860586581,0.20480112494977903,0.2040980313378867,0.20439935717155483,0.20048212133386903,0.19716753716351948,0.20118521494576136,0.2040980313378867,0.20449979911611088,0.202591402169546,0.20138609883487343,0.20510245078344716]
hits5s = [0,0.10887906789875453,0.103455202892728,0.10034150261149055,0.10184813177983126,0.10235034150261149,0.09883487344314985,0.10184813177983126,0.1008437123342708,0.10154680594616312,0.10616713539574126,0.10104459622338288,0.10224989955805544,0.10395741261550824,0.10014061872237846,0.09853354760948171,0.10014061872237846,0.10204901566894335,0.10024106066693451,0.103455202892728,0.09993973483326637]
hits3s = [0,0.04851345922057051,0.04118119726797911,0.04258738449176376,0.03877059059863399,0.043290478103656084,0.038971474487746086,0.03967456809963841,0.03977501004419445,0.03756528726396143,0.04258738449176376,0.038368822820409806,0.04098031337886701,0.03937324226597027,0.03846926476496585,0.040478103656086784,0.03937324226597027,0.038268380875853755,0.038368822820409806,0.04037766171153073,0.03997589393330655]