losses = [0,2.300307273864746,2.2787985801696777,2.306783437728882,2.303820848464966,2.29366397857666,2.2614545822143555,2.262464761734009,2.2801597118377686,2.2839176654815674,2.3326575756073,2.297760486602783,2.2920711040496826,2.2776923179626465,2.2789182662963867,2.2673003673553467,2.2999892234802246,2.289532423019409,2.296387195587158,2.2687768936157227,2.3067777156829834]
rewards = [0,-5.780614852905273,-5.993471622467041,-6.029079914093018,-6.056151390075684,-6.094261646270752,-6.190212726593018,-6.2095136642456055,-6.205641746520996,-6.212427139282227,-6.167126178741455,-6.2142653465271,-6.250103950500488,-6.282180309295654,-6.299025058746338,-6.333520889282227,-6.325061798095703,-6.328261375427246,-6.371882438659668,-6.424922466278076,-6.405917644500732]
0.7843504786408074,0.5969602116727395,0.5178732238831943]
hits10s = [0.9841149773071104,0.8197852760736196,0.7530674846625767]
hits5s = [0.9319213313161876,0.6526073619631901,0.5690184049079755]
hits3s = [0.6308623298033282,0.4815950920245399,0.40337423312883436]