losses = [2.5797099926859177,0.6782544874777291,0.30927753063849,0.20078857145841153,0.160588165590913,0.1405323220883117,0.12826232237040927,0.12053433742953082,0.11652801526116024,0.11230796670291489,0.11031691139985941,0.1083674433392562,0.10654816734974636,0.1045533641235967,0.10374371810315766,0.10235021374545204,0.10181291997079182,0.10096361716305517,0.1002357032092582,0.099632722316122,0.09950281911897489,0.09955391357801988,0.09867086749908338,0.09808468569781574,0.09759746782861711,0.09806947068953147,0.09712479649065228,0.09668660709725015,0.09608731810025614,0.09623473326930797,0.09587087283355061,0.0957227895833985,0.09572440279760394,0.09617559064184078,0.09585087423788412,0.09546195617915613,0.09486716704295058,0.09495015808978821,0.09549140061913577,0.09473943600026738,0.09399968983864021,0.09510981417211349,0.09443677557745014,0.09481548666246986,0.09424040034713836,0.09418188541385203,0.09447227780080775,0.09419999529882682,0.09403549784867364,0.09381216796974554,0.09358785211827832,0.09371392421450904,0.09397037668443094,0.09341138376459956,0.09388977870398145,0.09270978064440889,0.093309662859635,0.0933102639403066,0.09302128475614573,0.09327891540414215,0.09262606862883833,0.09236296939962982,0.09309769273511315,0.09196089238882914,0.09302556862610514,0.09292261685340854,0.0924790415475377,0.09249777940951491,0.09280022330414217,0.09253285375212718,0.09211656388297483,0.09236984518781959,0.09263558902491595,0.09247477473171863,0.09272926376949144,0.09202069922274118,0.0925112280557164,0.09244386875473873,0.09304539235319814,0.09277252407119226,0.09269466764986303,0.09190287442959642,0.09264840901534328,0.09225267948204936,0.09229724070638383,0.0921562470858066,0.0918775669337733,0.09243222895041904,0.09193859029636406,0.09142315314192223,0.09184840016800597,0.0919205571974441,0.0923451229063783,0.0920106655055235,0.09220305377195455,0.09252962353390731,0.09143740140953381,0.09168116834240028,0.0919645557765576,0.0914758264806347,0.09131277699204668]
rewards = []
mrrs = [0,0.10470844226934894,0.10438358940947322,0.09947382989985332,0.09981811776121036,0.10234238122253335,0.10407581876403195,0.10235851892556525,0.10220473388564709,0.10117567330840933,0.10036784592956649,0.10187733601684593,0.10539832850581422,0.1047838036672364,0.1018333946586622,0.09970220263244883,0.10255649573674869,0.1041242795976136,0.10282880596769368,0.10480017581642874,0.10470968616160875]
hits10s = [0,0.20620731217356367,0.20670952189634392,0.2052028927280032,0.21203294495781438,0.21193250301325833,0.2159501807955002,0.2161510646846123,0.21414222579349138,0.21203294495781438,0.21092808356769788,0.2142426677380474,0.21866211329851346,0.21675371635194857,0.2189634391321816,0.21002410606669344,0.21916432302129368,0.22026918441141022,0.21675371635194857,0.21785857774206507,0.2163519485737244]
hits5s = [0,0.1124949779027722,0.10968260345520289,0.10867818400964242,0.10526315789473684,0.10847730012053033,0.11430293290478104,0.10757332261952592,0.10847730012053033,0.10897950984331056,0.10988348734431498,0.10576536761751708,0.11410204901566895,0.11068702290076336,0.10697067095218964,0.10676978706307755,0.10988348734431498,0.1122940940136601,0.10847730012053033,0.11359983929288871,0.11289674568099639]
hits3s = [0,0.051727601446364,0.04911611088790679,0.041482523101647246,0.04198473282442748,0.0441944556046605,0.043390920048212135,0.04389312977099236,0.043390920048212135,0.043089594214543996,0.039875451988750504,0.043591803937324224,0.04449578143832865,0.04529931699477702,0.041482523101647246,0.04037766171153073,0.04188429087987144,0.04389312977099236,0.043290478103656084,0.0443953394937726,0.04469666532744074]